{"fiducials":[{"transform":[-0.4999999999999998,-0.8660254037844388,0,6.808851,0.8660254037844388,-0.4999999999999998,0,-3.856228,0,0,1,1.355852,0,0,0,1],"size":165.1,"id":1,"family":"apriltag3_36h11_classic","unique":1},{"transform":[-0.4999999999999998,-0.8660254037844388,0,7.914513,0.8660254037844388,-0.4999999999999998,0,-3.218434,0,0,1,1.355852,0,0,0,1],"size":165.1,"id":2,"family":"apriltag3_36h11_classic","unique":1},{"transform":[-1,-1.2246467991473532e-16,0,8.308721,1.2246467991473532e-16,-1,0,0.880618,0,0,1,1.451102,0,0,0,1],"size":165.1,"id":3,"family":"apriltag3_36h11_classic","unique":1},{"transform":[-1,1.2246467991473532e-16,0,8.308721,-1.2246467991473532e-16,-1,0,1.445768,0,0,1,1.451102,0,0,0,1],"size":165.1,"id":4,"family":"apriltag3_36h11_classic","unique":1},{"transform":[-4.440892098500626e-16,1,0,6.430137,-1,-4.440892098500626e-16,0,4.1021,0,0,1,1.355852,0,0,0,1],"size":165.1,"id":5,"family":"apriltag3_36h11_classic","unique":1},{"transform":[-4.440892098500626e-16,1,0,-6.430137,-1,-4.440892098500626e-16,0,4.1021,0,0,1,1.355852,0,0,0,1],"size":165.1,"id":6,"family":"apriltag3_36h11_classic","unique":1},{"transform":[1,0,0,-8.308721,0,1,0,1.445768,0,0,1,1.451102,0,0,0,1],"size":152.4,"id":7,"family":"apriltag3_36h11_classic","unique":1},{"transform":[1,0,0,-8.308721,0,1,0,0.880618,0,0,1,1.451102,0,0,0,1],"size":152.4,"id":8,"family":"apriltag3_36h11_classic","unique":1},{"transform":[0.5000000000000001,-0.8660254037844386,0,-7.914513,0.8660254037844386,0.5000000000000001,0,-3.218434,0,0,1,1.355852,0,0,0,1],"size":152.4,"id":9,"family":"apriltag3_36h11_classic","unique":1},{"transform":[0.5000000000000001,-0.8660254037844386,0,-6.808851,0.8660254037844386,0.5000000000000001,0,-3.856228,0,0,1,1.355852,0,0,0,1],"size":152.4,"id":10,"family":"apriltag3_36h11_classic","unique":1},{"transform":[0.5000000000000001,0.8660254037844386,0,3.634105,-0.8660254037844386,0.5000000000000001,0,-0.388874,0,0,1,1.3208,0,0,0,1],"size":165.1,"id":11,"family":"apriltag3_36h11_classic","unique":1},{"transform":[0.5000000000000001,-0.8660254037844386,0,3.634105,0.8660254037844386,0.5000000000000001,0,0.39624,0,0,1,1.3208,0,0,0,1],"size":165.1,"id":12,"family":"apriltag3_36h11_classic","unique":1},{"transform":[-1,-1.2246467991473532e-16,0,2.949575,1.2246467991473532e-16,-1,0,0.003048,0,0,1,1.3208,0,0,0,1],"size":165.1,"id":13,"family":"apriltag3_36h11_classic","unique":1},{"transform":[1,0,0,-2.949575,0,1,0,0.003048,0,0,1,1.3208,0,0,0,1],"size":165.1,"id":14,"family":"apriltag3_36h11_classic","unique":1},{"transform":[-0.4999999999999998,-0.8660254037844388,5.302876193624538e-17,-3.634105,0.8660254037844388,-0.4999999999999998,-9.18485099360515e-17,0.39624085587909325,1.0605752387249072e-16,6.162975822039155e-32,1,1.3208028529303109,0,0,0,1],"size":165.1,"id":15,"family":"apriltag3_36h11_classic","unique":1},{"transform":[-0.7660444431189777,0.6427876096865395,0,-3.634105,-0.6427876096865395,-0.7660444431189777,0,-0.388874,0,0,1,1.3208,0,0,0,1],"size":165.1,"id":16,"family":"apriltag3_36h11_classic","unique":1}]}